0.00000 2.50000
0.100000 2.50000
0.200000 2.50000
0.300000 2.50000
0.400000 2.50000
0.500000 2.50000
0.600000 2.50000
0.700000 2.50000
0.800000 2.50000
0.900000 2.50000
1.00000 2.50000
1.10000 2.50000
1.20000 2.50000
1.30000 2.50000
1.40000 2.50000
1.50000 2.50000
1.60000 2.50000
1.70000 2.50000
1.80000 2.50000
1.90000 2.50000
2.00000 2.50000
2.10000 2.50000
2.20000 2.50000
2.30000 2.50000
2.40000 2.50000
2.50000 2.50000
2.60000 2.50000
2.70000 2.50000
2.80000 2.50000
2.90000 2.50000
3.00000 2.50000
3.10000 2.50000
3.20000 2.50000
3.30000 2.50000
3.40000 2.50000
3.50000 2.50000
3.60000 2.50000
3.70000 2.50000
3.80000 2.50000
3.90000 2.50000
4.00000 2.50000
4.10000 2.50000
4.20000 2.50000
4.30000 2.50000
4.40000 2.50000
4.50000 2.50000
4.60000 2.50000
4.70000 2.50000
4.80000 2.50000
4.90000 2.50000
5.00000 2.50000
5.10000 2.50000
5.20000 2.50000
5.29877 2.51564
5.39877 2.51564
5.49754 2.53129
5.59754 2.53129
5.69631 2.54693
5.79508 2.56257
5.89384 2.57822
5.99261 2.59386
6.08772 2.62476
6.18649 2.64041
6.28159 2.67131
6.38036 2.68695
6.47547 2.71785
6.57057 2.74875
6.66568 2.77966
6.76078 2.81056
6.85589 2.84146
6.95100 2.87236
7.04010 2.91776
7.09888 2.99866
7.12978 3.09377
7.17518 3.18287
7.20608 3.27797
7.23698 3.37308
7.26788 3.46819
7.29878 3.56329
7.31443 3.66206
7.34533 3.75717
7.37623 3.85227
7.39187 3.95104
7.40752 4.04981
7.42316 4.14858
7.43880 4.24735
7.45445 4.34612
7.47009 4.44488
7.48573 4.54365
7.48573 4.64365
7.48573 4.74365
7.50138 4.84242
7.50138 4.94242
7.50138 5.04242
7.50138 5.14242
7.50138 5.24242
7.50138 5.34242
7.50138 5.44242
7.50138 5.54242
7.50138 5.64242
7.50138 5.74242
7.50138 5.84242
7.50138 5.94242
7.50138 6.04242
7.50138 6.14242
7.50138 6.24242
7.50138 6.34242
7.50138 6.44242
7.50138 6.54242
7.50138 6.64242
7.50138 6.74242
7.50138 6.84242
7.50138 6.94242
7.50138 7.04242
7.50138 7.14242
7.50138 7.24242
7.50138 7.34242
7.50138 7.44242
7.50138 7.54242
7.50138 7.64242
7.50138 7.74242
7.50138 7.84242
7.50138 7.94242
7.50138 8.04242
7.50138 8.14242
7.50138 8.24242
7.50138 8.34242
7.50138 8.44242
7.50138 8.54242
7.50138 8.64242
7.50138 8.74242
7.50138 8.84242
7.50138 8.94242
7.50138 9.04242
7.50138 9.14242
7.50138 9.24242
7.50138 9.34242
7.50138 9.44242
7.50138 9.54242
7.50138 9.64242
7.50138 9.74242
7.50138 9.84242
7.50138 9.94242
7.50000 10.0000
