////
0.0707107 2.42929
0.0809017 2.44122
0.0891007 2.45460
0.0951057 2.46910
0.0987688 2.48436
0.100000 2.50000
0.0987688 2.51564
0.0951057 2.53090
0.0891007 2.54540
0.0809017 2.55878
0.0707107 2.57071
////
0.170711 2.42929
0.180902 2.44122
0.189101 2.45460
0.195106 2.46910
0.198769 2.48436
0.200000 2.50000
0.198769 2.51564
0.195106 2.53090
0.189101 2.54540
0.180902 2.55878
0.170711 2.57071
////
0.270711 2.42929
0.280902 2.44122
0.289101 2.45460
0.295106 2.46910
0.298769 2.48436
0.300000 2.50000
0.298769 2.51564
0.295106 2.53090
0.289101 2.54540
0.280902 2.55878
0.270711 2.57071
////
0.370711 2.42929
0.380902 2.44122
0.389101 2.45460
0.395106 2.46910
0.398769 2.48436
0.400000 2.50000
0.398769 2.51564
0.395106 2.53090
0.389101 2.54540
0.380902 2.55878
0.370711 2.57071
////
0.470711 2.42929
0.480902 2.44122
0.489101 2.45460
0.495106 2.46910
0.498769 2.48436
0.500000 2.50000
0.498769 2.51564
0.495106 2.53090
0.489101 2.54540
0.480902 2.55878
0.470711 2.57071
////
0.570711 2.42929
0.580902 2.44122
0.589101 2.45460
0.595106 2.46910
0.598769 2.48436
0.600000 2.50000
0.598769 2.51564
0.595106 2.53090
0.589101 2.54540
0.580902 2.55878
0.570711 2.57071
////
0.670711 2.42929
0.680902 2.44122
0.689101 2.45460
0.695106 2.46910
0.698769 2.48436
0.700000 2.50000
0.698769 2.51564
0.695106 2.53090
0.689101 2.54540
0.680902 2.55878
0.670711 2.57071
////
0.770711 2.42929
0.780902 2.44122
0.789101 2.45460
0.795106 2.46910
0.798769 2.48436
0.800000 2.50000
0.798769 2.51564
0.795106 2.53090
0.789101 2.54540
0.780902 2.55878
0.770711 2.57071
////
0.870711 2.42929
0.880902 2.44122
0.889101 2.45460
0.895106 2.46910
0.898769 2.48436
0.900000 2.50000
0.898769 2.51564
0.895106 2.53090
0.889101 2.54540
0.880902 2.55878
0.870711 2.57071
////
0.970711 2.42929
0.980902 2.44122
0.989101 2.45460
0.995106 2.46910
0.998769 2.48436
1.00000 2.50000
0.998769 2.51564
0.995106 2.53090
0.989101 2.54540
0.980902 2.55878
0.970711 2.57071
////
1.07071 2.42929
1.08090 2.44122
1.08910 2.45460
1.09511 2.46910
1.09877 2.48436
1.10000 2.50000
1.09877 2.51564
1.09511 2.53090
1.08910 2.54540
1.08090 2.55878
1.07071 2.57071
////
1.17071 2.42929
1.18090 2.44122
1.18910 2.45460
1.19511 2.46910
1.19877 2.48436
1.20000 2.50000
1.19877 2.51564
1.19511 2.53090
1.18910 2.54540
1.18090 2.55878
1.17071 2.57071
////
1.27071 2.42929
1.28090 2.44122
1.28910 2.45460
1.29511 2.46910
1.29877 2.48436
1.30000 2.50000
1.29877 2.51564
1.29511 2.53090
1.28910 2.54540
1.28090 2.55878
1.27071 2.57071
////
1.37071 2.42929
1.38090 2.44122
1.38910 2.45460
1.39511 2.46910
1.39877 2.48436
1.40000 2.50000
1.39877 2.51564
1.39511 2.53090
1.38910 2.54540
1.38090 2.55878
1.37071 2.57071
////
1.47071 2.42929
1.48090 2.44122
1.48910 2.45460
1.49511 2.46910
1.49877 2.48436
1.50000 2.50000
1.49877 2.51564
1.49511 2.53090
1.48910 2.54540
1.48090 2.55878
1.47071 2.57071
////
1.57071 2.42929
1.58090 2.44122
1.58910 2.45460
1.59511 2.46910
1.59877 2.48436
1.60000 2.50000
1.59877 2.51564
1.59511 2.53090
1.58910 2.54540
1.58090 2.55878
1.57071 2.57071
////
1.67071 2.42929
1.68090 2.44122
1.68910 2.45460
1.69511 2.46910
1.69877 2.48436
1.70000 2.50000
1.69877 2.51564
1.69511 2.53090
1.68910 2.54540
1.68090 2.55878
1.67071 2.57071
////
1.77071 2.42929
1.78090 2.44122
1.78910 2.45460
1.79511 2.46910
1.79877 2.48436
1.80000 2.50000
1.79877 2.51564
1.79511 2.53090
1.78910 2.54540
1.78090 2.55878
1.77071 2.57071
////
1.87071 2.42929
1.88090 2.44122
1.88910 2.45460
1.89511 2.46910
1.89877 2.48436
1.90000 2.50000
1.89877 2.51564
1.89511 2.53090
1.88910 2.54540
1.88090 2.55878
1.87071 2.57071
////
1.97071 2.42929
1.98090 2.44122
1.98910 2.45460
1.99511 2.46910
1.99877 2.48436
2.00000 2.50000
1.99877 2.51564
1.99511 2.53090
1.98910 2.54540
1.98090 2.55878
1.97071 2.57071
////
2.07071 2.42929
2.08090 2.44122
2.08910 2.45460
2.09511 2.46910
2.09877 2.48436
2.10000 2.50000
2.09877 2.51564
2.09511 2.53090
2.08910 2.54540
2.08090 2.55878
2.07071 2.57071
////
2.17071 2.42929
2.18090 2.44122
2.18910 2.45460
2.19511 2.46910
2.19877 2.48436
2.20000 2.50000
2.19877 2.51564
2.19511 2.53090
2.18910 2.54540
2.18090 2.55878
2.17071 2.57071
////
2.27071 2.42929
2.28090 2.44122
2.28910 2.45460
2.29511 2.46910
2.29877 2.48436
2.30000 2.50000
2.29877 2.51564
2.29511 2.53090
2.28910 2.54540
2.28090 2.55878
2.27071 2.57071
////
2.37071 2.42929
2.38090 2.44122
2.38910 2.45460
2.39511 2.46910
2.39877 2.48436
2.40000 2.50000
2.39877 2.51564
2.39511 2.53090
2.38910 2.54540
2.38090 2.55878
2.37071 2.57071
////
2.47071 2.42929
2.48090 2.44122
2.48910 2.45460
2.49511 2.46910
2.49877 2.48436
2.50000 2.50000
2.49877 2.51564
2.49511 2.53090
2.48910 2.54540
2.48090 2.55878
2.47071 2.57071
////
2.57071 2.42929
2.58090 2.44122
2.58910 2.45460
2.59511 2.46910
2.59877 2.48436
2.60000 2.50000
2.59877 2.51564
2.59511 2.53090
2.58910 2.54540
2.58090 2.55878
2.57071 2.57071
////
2.67071 2.42929
2.68090 2.44122
2.68910 2.45460
2.69511 2.46910
2.69877 2.48436
2.70000 2.50000
2.69877 2.51564
2.69511 2.53090
2.68910 2.54540
2.68090 2.55878
2.67071 2.57071
////
2.77071 2.42929
2.78090 2.44122
2.78910 2.45460
2.79511 2.46910
2.79877 2.48436
2.80000 2.50000
2.79877 2.51564
2.79511 2.53090
2.78910 2.54540
2.78090 2.55878
2.77071 2.57071
////
2.87071 2.42929
2.88090 2.44122
2.88910 2.45460
2.89511 2.46910
2.89877 2.48436
2.90000 2.50000
2.89877 2.51564
2.89511 2.53090
2.88910 2.54540
2.88090 2.55878
2.87071 2.57071
////
2.97071 2.42929
2.98090 2.44122
2.98910 2.45460
2.99511 2.46910
2.99877 2.48436
3.00000 2.50000
2.99877 2.51564
2.99511 2.53090
2.98910 2.54540
2.98090 2.55878
2.97071 2.57071
////
3.07071 2.42929
3.08090 2.44122
3.08910 2.45460
3.09511 2.46910
3.09877 2.48436
3.10000 2.50000
3.09877 2.51564
3.09511 2.53090
3.08910 2.54540
3.08090 2.55878
3.07071 2.57071
////
3.17071 2.42929
3.18090 2.44122
3.18910 2.45460
3.19511 2.46910
3.19877 2.48436
3.20000 2.50000
3.19877 2.51564
3.19511 2.53090
3.18910 2.54540
3.18090 2.55878
3.17071 2.57071
////
3.27071 2.42929
3.28090 2.44122
3.28910 2.45460
3.29511 2.46910
3.29877 2.48436
3.30000 2.50000
3.29877 2.51564
3.29511 2.53090
3.28910 2.54540
3.28090 2.55878
3.27071 2.57071
////
3.37071 2.42929
3.38090 2.44122
3.38910 2.45460
3.39511 2.46910
3.39877 2.48436
3.40000 2.50000
3.39877 2.51564
3.39511 2.53090
3.38910 2.54540
3.38090 2.55878
3.37071 2.57071
////
3.47071 2.42929
3.48090 2.44122
3.48910 2.45460
3.49511 2.46910
3.49877 2.48436
3.50000 2.50000
3.49877 2.51564
3.49511 2.53090
3.48910 2.54540
3.48090 2.55878
3.47071 2.57071
////
3.57071 2.42929
3.58090 2.44122
3.58910 2.45460
3.59511 2.46910
3.59877 2.48436
3.60000 2.50000
3.59877 2.51564
3.59511 2.53090
3.58910 2.54540
3.58090 2.55878
3.57071 2.57071
////
3.67071 2.42929
3.68090 2.44122
3.68910 2.45460
3.69511 2.46910
3.69877 2.48436
3.70000 2.50000
3.69877 2.51564
3.69511 2.53090
3.68910 2.54540
3.68090 2.55878
3.67071 2.57071
////
3.77071 2.42929
3.78090 2.44122
3.78910 2.45460
3.79511 2.46910
3.79877 2.48436
3.80000 2.50000
3.79877 2.51564
3.79511 2.53090
3.78910 2.54540
3.78090 2.55878
3.77071 2.57071
////
3.87071 2.42929
3.88090 2.44122
3.88910 2.45460
3.89511 2.46910
3.89877 2.48436
3.90000 2.50000
3.89877 2.51564
3.89511 2.53090
3.88910 2.54540
3.88090 2.55878
3.87071 2.57071
////
3.97071 2.42929
3.98090 2.44122
3.98910 2.45460
3.99511 2.46910
3.99877 2.48436
4.00000 2.50000
3.99877 2.51564
3.99511 2.53090
3.98910 2.54540
3.98090 2.55878
3.97071 2.57071
////
4.07071 2.42929
4.08090 2.44122
4.08910 2.45460
4.09511 2.46910
4.09877 2.48436
4.10000 2.50000
4.09877 2.51564
4.09511 2.53090
4.08910 2.54540
4.08090 2.55878
4.07071 2.57071
////
4.17071 2.42929
4.18090 2.44122
4.18910 2.45460
4.19511 2.46910
4.19877 2.48436
4.20000 2.50000
4.19877 2.51564
4.19511 2.53090
4.18910 2.54540
4.18090 2.55878
4.17071 2.57071
////
4.27071 2.42929
4.28090 2.44122
4.28910 2.45460
4.29511 2.46910
4.29877 2.48436
4.30000 2.50000
4.29877 2.51564
4.29511 2.53090
4.28910 2.54540
4.28090 2.55878
4.27071 2.57071
////
4.37071 2.42929
4.38090 2.44122
4.38910 2.45460
4.39511 2.46910
4.39877 2.48436
4.40000 2.50000
4.39877 2.51564
4.39511 2.53090
4.38910 2.54540
4.38090 2.55878
4.37071 2.57071
////
4.47071 2.42929
4.48090 2.44122
4.48910 2.45460
4.49511 2.46910
4.49877 2.48436
4.50000 2.50000
4.49877 2.51564
4.49511 2.53090
4.48910 2.54540
4.48090 2.55878
4.47071 2.57071
////
4.57071 2.42929
4.58090 2.44122
4.58910 2.45460
4.59511 2.46910
4.59877 2.48436
4.60000 2.50000
4.59877 2.51564
4.59511 2.53090
4.58910 2.54540
4.58090 2.55878
4.57071 2.57071
////
4.67071 2.42929
4.68090 2.44122
4.68910 2.45460
4.69511 2.46910
4.69877 2.48436
4.70000 2.50000
4.69877 2.51564
4.69511 2.53090
4.68910 2.54540
4.68090 2.55878
4.67071 2.57071
////
4.77071 2.42929
4.78090 2.44122
4.78910 2.45460
4.79511 2.46910
4.79877 2.48436
4.80000 2.50000
4.79877 2.51564
4.79511 2.53090
4.78910 2.54540
4.78090 2.55878
4.77071 2.57071
////
4.87071 2.42929
4.88090 2.44122
4.88910 2.45460
4.89511 2.46910
4.89877 2.48436
4.90000 2.50000
4.89877 2.51564
4.89511 2.53090
4.88910 2.54540
4.88090 2.55878
4.87071 2.57071
////
4.97071 2.42929
4.98090 2.44122
4.98910 2.45460
4.99511 2.46910
4.99877 2.48436
5.00000 2.50000
4.99877 2.51564
4.99511 2.53090
4.98910 2.54540
4.98090 2.55878
4.97071 2.57071
////
5.07071 2.42929
5.08090 2.44122
5.08910 2.45460
5.09511 2.46910
5.09877 2.48436
5.10000 2.50000
5.09877 2.51564
5.09511 2.53090
5.08910 2.54540
5.08090 2.55878
5.07071 2.57071
////
5.17071 2.42929
5.18090 2.44122
5.18910 2.45460
5.19511 2.46910
5.19877 2.48436
5.20000 2.50000
5.19877 2.51564
5.19511 2.53090
5.18910 2.54540
5.18090 2.55878
5.17071 2.57071
////
5.27071 2.42929
5.28090 2.44122
5.28910 2.45460
5.29511 2.46910
5.29877 2.48436
5.30000 2.50000
5.29877 2.51564
5.29511 2.53090
5.28910 2.54540
5.28090 2.55878
5.27071 2.57071
////
5.37967 2.45686
5.38787 2.47024
5.39387 2.48474
5.39754 2.50000
5.39877 2.51564
5.39754 2.53129
5.39387 2.54655
5.38787 2.56104
5.37967 2.57442
5.36948 2.58635
5.35755 2.59655
////
5.46948 2.44493
5.47967 2.45686
5.48787 2.47024
5.49387 2.48474
5.49754 2.50000
5.49877 2.51564
5.49754 2.53129
5.49387 2.54655
5.48787 2.56104
5.47967 2.57442
5.46948 2.58635
////
5.57844 2.47251
5.58664 2.48589
5.59264 2.50039
5.59631 2.51564
5.59754 2.53129
5.59631 2.54693
5.59264 2.56219
5.58664 2.57669
5.57844 2.59007
5.56825 2.60200
5.55632 2.61219
////
5.66825 2.46058
5.67844 2.47251
5.68664 2.48589
5.69264 2.50039
5.69631 2.51564
5.69754 2.53129
5.69631 2.54693
5.69264 2.56219
5.68664 2.57669
5.67844 2.59007
5.66825 2.60200
////
5.77721 2.48815
5.78541 2.50153
5.79141 2.51603
5.79508 2.53129
5.79631 2.54693
5.79508 2.56257
5.79141 2.57783
5.78541 2.59233
5.77721 2.60571
5.76702 2.61764
5.75509 2.62783
////
5.87598 2.50380
5.88418 2.51717
5.89018 2.53167
5.89384 2.54693
5.89508 2.56257
5.89384 2.57822
5.89018 2.59348
5.88418 2.60797
5.87598 2.62135
5.86579 2.63328
5.85385 2.64348
////
5.97475 2.51944
5.98294 2.53282
5.98895 2.54732
5.99261 2.56257
5.99384 2.57822
5.99261 2.59386
5.98895 2.60912
5.98294 2.62362
5.97475 2.63700
5.96455 2.64893
5.95262 2.65912
////
6.07351 2.53508
6.08171 2.54846
6.08772 2.56296
6.09138 2.57822
6.09261 2.59386
6.09138 2.60950
6.08772 2.62476
6.08171 2.63926
6.07351 2.65264
6.06332 2.66457
6.05139 2.67476
////
6.17682 2.57936
6.18282 2.59386
6.18649 2.60912
6.18772 2.62476
6.18649 2.64041
6.18282 2.65566
6.17682 2.67016
6.16862 2.68354
6.15843 2.69547
6.14650 2.70566
6.13312 2.71386
////
6.26739 2.58163
6.27559 2.59501
6.28159 2.60950
6.28526 2.62476
6.28649 2.64041
6.28526 2.65605
6.28159 2.67131
6.27559 2.68580
6.26739 2.69918
6.25720 2.71112
6.24527 2.72131
////
6.37069 2.62591
6.37670 2.64041
6.38036 2.65566
6.38159 2.67131
6.38036 2.68695
6.37670 2.70221
6.37069 2.71671
6.36249 2.73009
6.35230 2.74202
6.34037 2.75221
6.32699 2.76041
////
6.46126 2.62817
6.46946 2.64155
6.47547 2.65605
6.47913 2.67131
6.48036 2.68695
6.47913 2.70259
6.47547 2.71785
6.46946 2.73235
6.46126 2.74573
6.45107 2.75766
6.43914 2.76785
////
6.56457 2.67245
6.57057 2.68695
6.57424 2.70221
6.57547 2.71785
6.57424 2.73350
6.57057 2.74875
6.56457 2.76325
6.55637 2.77663
6.54618 2.78856
6.53425 2.79875
6.52087 2.80695
////
6.65967 2.70336
6.66568 2.71785
6.66934 2.73311
6.67057 2.74875
6.66934 2.76440
6.66568 2.77966
6.65967 2.79415
6.65147 2.80753
6.64128 2.81947
6.62935 2.82966
6.61597 2.83786
////
6.75478 2.73426
6.76078 2.74875
6.76445 2.76401
6.76568 2.77966
6.76445 2.79530
6.76078 2.81056
6.75478 2.82506
6.74658 2.83843
6.73639 2.85037
6.72446 2.86056
6.71108 2.86876
////
6.84989 2.76516
6.85589 2.77966
6.85955 2.79491
6.86078 2.81056
6.85955 2.82620
6.85589 2.84146
6.84989 2.85596
6.84169 2.86934
6.83150 2.88127
6.81956 2.89146
6.80618 2.89966
////
6.94499 2.79606
6.95100 2.81056
6.95466 2.82582
6.95589 2.84146
6.95466 2.85710
6.95100 2.87236
6.94499 2.88686
6.93679 2.90024
6.92660 2.91217
6.91467 2.92236
6.90129 2.93056
////
7.04010 2.82696
7.04610 2.84146
7.04976 2.85672
7.05100 2.87236
7.04976 2.88800
7.04610 2.90326
7.04010 2.91776
7.03190 2.93114
7.02171 2.94307
7.00977 2.95326
6.99639 2.96146
////
7.13520 2.88686
7.13887 2.90212
7.14010 2.91776
7.13887 2.93340
7.13520 2.94866
7.12920 2.96316
7.12100 2.97654
7.11081 2.98847
7.09888 2.99866
7.08550 3.00686
7.07100 3.01287
////
7.19764 3.01431
7.19398 3.02956
7.18798 3.04406
7.17978 3.05744
7.16959 3.06937
7.15765 3.07956
7.14427 3.08776
7.12978 3.09377
7.11452 3.09743
7.09888 3.09866
7.08323 3.09743
////
7.21888 3.13917
7.21068 3.15255
7.20049 3.16448
7.18856 3.17467
7.17518 3.18287
7.16068 3.18887
7.14542 3.19254
7.12978 3.19377
7.11413 3.19254
7.09888 3.18887
7.08438 3.18287
////
7.27028 3.21377
7.26428 3.22827
7.25608 3.24165
7.24589 3.25358
7.23395 3.26377
7.22057 3.27197
7.20608 3.27797
7.19082 3.28164
7.17518 3.28287
7.15953 3.28164
7.14427 3.27797
////
7.29518 3.32337
7.28698 3.33675
7.27679 3.34868
7.26486 3.35888
7.25148 3.36707
7.23698 3.37308
7.22172 3.37674
7.20608 3.37797
7.19043 3.37674
7.17518 3.37308
7.16068 3.36707
////
7.32608 3.41848
7.31788 3.43186
7.30769 3.44379
7.29576 3.45398
7.28238 3.46218
7.26788 3.46819
7.25262 3.47185
7.23698 3.47308
7.22134 3.47185
7.20608 3.46819
7.19158 3.46218
////
7.35698 3.51358
7.34878 3.52696
7.33859 3.53890
7.32666 3.54909
7.31328 3.55729
7.29878 3.56329
7.28352 3.56695
7.26788 3.56819
7.25224 3.56695
7.23698 3.56329
7.22248 3.55729
////
7.38788 3.60869
7.37968 3.62207
7.36949 3.63400
7.35756 3.64419
7.34418 3.65239
7.32968 3.65840
7.31443 3.66206
7.29878 3.66329
7.28314 3.66206
7.26788 3.65840
7.25338 3.65239
////
7.39533 3.72084
7.38514 3.73277
7.37320 3.74296
7.35983 3.75116
7.34533 3.75717
7.33007 3.76083
7.31443 3.76206
7.29878 3.76083
7.28352 3.75717
7.26903 3.75116
7.25565 3.74296
////
7.43443 3.80256
7.42623 3.81594
7.41604 3.82788
7.40411 3.83807
7.39073 3.84627
7.37623 3.85227
7.36097 3.85593
7.34533 3.85717
7.32968 3.85593
7.31443 3.85227
7.29993 3.84627
////
7.46533 3.89767
7.45713 3.91105
7.44694 3.92298
7.43501 3.93317
7.42163 3.94137
7.40713 3.94738
7.39187 3.95104
7.37623 3.95227
7.36059 3.95104
7.34533 3.94738
7.33083 3.94137
////
7.47277 4.00982
7.46258 4.02175
7.45065 4.03194
7.43727 4.04014
7.42277 4.04615
7.40752 4.04981
7.39187 4.05104
7.37623 4.04981
7.36097 4.04615
7.34647 4.04014
7.33309 4.03194
////
7.48842 4.10859
7.47823 4.12052
7.46629 4.13071
7.45292 4.13891
7.43842 4.14491
7.42316 4.14858
7.40752 4.14981
7.39187 4.14858
7.37661 4.14491
7.36212 4.13891
7.34874 4.13071
////
7.50406 4.20736
7.49387 4.21929
7.48194 4.22948
7.46856 4.23768
7.45406 4.24368
7.43880 4.24735
7.42316 4.24858
7.40752 4.24735
7.39226 4.24368
7.37776 4.23768
7.36438 4.22948
////
7.51970 4.30612
7.50951 4.31806
7.49758 4.32825
7.48420 4.33645
7.46970 4.34245
7.45445 4.34612
7.43880 4.34735
7.42316 4.34612
7.40790 4.34245
7.39340 4.33645
7.38002 4.32825
////
7.53535 4.40489
7.52516 4.41683
7.51323 4.42702
7.49985 4.43522
7.48535 4.44122
7.47009 4.44488
7.45445 4.44612
7.43880 4.44488
7.42354 4.44122
7.40905 4.43522
7.39567 4.42702
////
7.55099 4.50366
7.54080 4.51559
7.52887 4.52579
7.51549 4.53398
7.50099 4.53999
7.48573 4.54365
7.47009 4.54488
7.45445 4.54365
7.43919 4.53999
7.42469 4.53398
7.41131 4.52579
////
7.56664 4.60243
7.55644 4.61436
7.54451 4.62455
7.53113 4.63275
7.51664 4.63876
7.50138 4.64242
7.48573 4.64365
7.47009 4.64242
7.45483 4.63876
7.44033 4.63275
7.42696 4.62455
////
7.55644 4.71436
7.54451 4.72455
7.53113 4.73275
7.51664 4.73876
7.50138 4.74242
7.48573 4.74365
7.47009 4.74242
7.45483 4.73876
7.44033 4.73275
7.42696 4.72455
7.41502 4.71436
////
7.55644 4.81436
7.54451 4.82455
7.53113 4.83275
7.51664 4.83876
7.50138 4.84242
7.48573 4.84365
7.47009 4.84242
7.45483 4.83876
7.44033 4.83275
7.42696 4.82455
7.41502 4.81436
////
7.58228 4.90120
7.57209 4.91313
7.56016 4.92332
7.54678 4.93152
7.53228 4.93753
7.51702 4.94119
7.50138 4.94242
7.48573 4.94119
7.47048 4.93753
7.45598 4.93152
7.44260 4.92332
////
7.57209 5.01313
7.56016 5.02332
7.54678 5.03152
7.53228 5.03753
7.51702 5.04119
7.50138 5.04242
7.48573 5.04119
7.47048 5.03753
7.45598 5.03152
7.44260 5.02332
7.43067 5.01313
////
7.57209 5.11313
7.56016 5.12332
7.54678 5.13152
7.53228 5.13753
7.51702 5.14119
7.50138 5.14242
7.48573 5.14119
7.47048 5.13753
7.45598 5.13152
7.44260 5.12332
7.43067 5.11313
////
7.57209 5.21313
7.56016 5.22332
7.54678 5.23152
7.53228 5.23753
7.51702 5.24119
7.50138 5.24242
7.48573 5.24119
7.47048 5.23753
7.45598 5.23152
7.44260 5.22332
7.43067 5.21313
////
7.57209 5.31313
7.56016 5.32332
7.54678 5.33152
7.53228 5.33753
7.51702 5.34119
7.50138 5.34242
7.48573 5.34119
7.47048 5.33753
7.45598 5.33152
7.44260 5.32332
7.43067 5.31313
////
7.57209 5.41313
7.56016 5.42332
7.54678 5.43152
7.53228 5.43753
7.51702 5.44119
7.50138 5.44242
7.48573 5.44119
7.47048 5.43753
7.45598 5.43152
7.44260 5.42332
7.43067 5.41313
////
7.57209 5.51313
7.56016 5.52332
7.54678 5.53152
7.53228 5.53753
7.51702 5.54119
7.50138 5.54242
7.48573 5.54119
7.47048 5.53753
7.45598 5.53152
7.44260 5.52332
7.43067 5.51313
////
7.57209 5.61313
7.56016 5.62332
7.54678 5.63152
7.53228 5.63753
7.51702 5.64119
7.50138 5.64242
7.48573 5.64119
7.47048 5.63753
7.45598 5.63152
7.44260 5.62332
7.43067 5.61313
////
7.57209 5.71313
7.56016 5.72332
7.54678 5.73152
7.53228 5.73753
7.51702 5.74119
7.50138 5.74242
7.48573 5.74119
7.47048 5.73753
7.45598 5.73152
7.44260 5.72332
7.43067 5.71313
////
7.57209 5.81313
7.56016 5.82332
7.54678 5.83152
7.53228 5.83753
7.51702 5.84119
7.50138 5.84242
7.48573 5.84119
7.47048 5.83753
7.45598 5.83152
7.44260 5.82332
7.43067 5.81313
////
7.57209 5.91313
7.56016 5.92332
7.54678 5.93152
7.53228 5.93753
7.51702 5.94119
7.50138 5.94242
7.48573 5.94119
7.47048 5.93753
7.45598 5.93152
7.44260 5.92332
7.43067 5.91313
////
7.57209 6.01313
7.56016 6.02332
7.54678 6.03152
7.53228 6.03753
7.51702 6.04119
7.50138 6.04242
7.48573 6.04119
7.47048 6.03753
7.45598 6.03152
7.44260 6.02332
7.43067 6.01313
////
7.57209 6.11313
7.56016 6.12332
7.54678 6.13152
7.53228 6.13753
7.51702 6.14119
7.50138 6.14242
7.48573 6.14119
7.47048 6.13753
7.45598 6.13152
7.44260 6.12332
7.43067 6.11313
////
7.57209 6.21313
7.56016 6.22332
7.54678 6.23152
7.53228 6.23753
7.51702 6.24119
7.50138 6.24242
7.48573 6.24119
7.47048 6.23753
7.45598 6.23152
7.44260 6.22332
7.43067 6.21313
////
7.57209 6.31313
7.56016 6.32332
7.54678 6.33152
7.53228 6.33753
7.51702 6.34119
7.50138 6.34242
7.48573 6.34119
7.47048 6.33753
7.45598 6.33152
7.44260 6.32332
7.43067 6.31313
////
7.57209 6.41313
7.56016 6.42332
7.54678 6.43152
7.53228 6.43753
7.51702 6.44119
7.50138 6.44242
7.48573 6.44119
7.47048 6.43753
7.45598 6.43152
7.44260 6.42332
7.43067 6.41313
////
7.57209 6.51313
7.56016 6.52332
7.54678 6.53152
7.53228 6.53753
7.51702 6.54119
7.50138 6.54242
7.48573 6.54119
7.47048 6.53753
7.45598 6.53152
7.44260 6.52332
7.43067 6.51313
////
7.57209 6.61313
7.56016 6.62332
7.54678 6.63152
7.53228 6.63753
7.51702 6.64119
7.50138 6.64242
7.48573 6.64119
7.47048 6.63753
7.45598 6.63152
7.44260 6.62332
7.43067 6.61313
////
7.57209 6.71313
7.56016 6.72332
7.54678 6.73152
7.53228 6.73753
7.51702 6.74119
7.50138 6.74242
7.48573 6.74119
7.47048 6.73753
7.45598 6.73152
7.44260 6.72332
7.43067 6.71313
////
7.57209 6.81313
7.56016 6.82332
7.54678 6.83152
7.53228 6.83753
7.51702 6.84119
7.50138 6.84242
7.48573 6.84119
7.47048 6.83753
7.45598 6.83152
7.44260 6.82332
7.43067 6.81313
////
7.57209 6.91313
7.56016 6.92332
7.54678 6.93152
7.53228 6.93753
7.51702 6.94119
7.50138 6.94242
7.48573 6.94119
7.47048 6.93753
7.45598 6.93152
7.44260 6.92332
7.43067 6.91313
////
7.57209 7.01313
7.56016 7.02332
7.54678 7.03152
7.53228 7.03753
7.51702 7.04119
7.50138 7.04242
7.48573 7.04119
7.47048 7.03753
7.45598 7.03152
7.44260 7.02332
7.43067 7.01313
////
7.57209 7.11313
7.56016 7.12332
7.54678 7.13152
7.53228 7.13753
7.51702 7.14119
7.50138 7.14242
7.48573 7.14119
7.47048 7.13753
7.45598 7.13152
7.44260 7.12332
7.43067 7.11313
////
7.57209 7.21313
7.56016 7.22332
7.54678 7.23152
7.53228 7.23753
7.51702 7.24119
7.50138 7.24242
7.48573 7.24119
7.47048 7.23753
7.45598 7.23152
7.44260 7.22332
7.43067 7.21313
////
7.57209 7.31313
7.56016 7.32332
7.54678 7.33152
7.53228 7.33753
7.51702 7.34119
7.50138 7.34242
7.48573 7.34119
7.47048 7.33753
7.45598 7.33152
7.44260 7.32332
7.43067 7.31313
////
7.57209 7.41313
7.56016 7.42332
7.54678 7.43152
7.53228 7.43753
7.51702 7.44119
7.50138 7.44242
7.48573 7.44119
7.47048 7.43753
7.45598 7.43152
7.44260 7.42332
7.43067 7.41313
////
7.57209 7.51313
7.56016 7.52332
7.54678 7.53152
7.53228 7.53753
7.51702 7.54119
7.50138 7.54242
7.48573 7.54119
7.47048 7.53753
7.45598 7.53152
7.44260 7.52332
7.43067 7.51313
////
7.57209 7.61313
7.56016 7.62332
7.54678 7.63152
7.53228 7.63753
7.51702 7.64119
7.50138 7.64242
7.48573 7.64119
7.47048 7.63753
7.45598 7.63152
7.44260 7.62332
7.43067 7.61313
////
7.57209 7.71313
7.56016 7.72332
7.54678 7.73152
7.53228 7.73753
7.51702 7.74119
7.50138 7.74242
7.48573 7.74119
7.47048 7.73753
7.45598 7.73152
7.44260 7.72332
7.43067 7.71313
////
7.57209 7.81313
7.56016 7.82332
7.54678 7.83152
7.53228 7.83753
7.51702 7.84119
7.50138 7.84242
7.48573 7.84119
7.47048 7.83753
7.45598 7.83152
7.44260 7.82332
7.43067 7.81313
////
7.57209 7.91313
7.56016 7.92332
7.54678 7.93152
7.53228 7.93753
7.51702 7.94119
7.50138 7.94242
7.48573 7.94119
7.47048 7.93753
7.45598 7.93152
7.44260 7.92332
7.43067 7.91313
////
7.57209 8.01313
7.56016 8.02332
7.54678 8.03152
7.53228 8.03753
7.51702 8.04119
7.50138 8.04242
7.48573 8.04119
7.47048 8.03753
7.45598 8.03152
7.44260 8.02332
7.43067 8.01313
////
7.57209 8.11313
7.56016 8.12332
7.54678 8.13152
7.53228 8.13753
7.51702 8.14119
7.50138 8.14242
7.48573 8.14119
7.47048 8.13753
7.45598 8.13152
7.44260 8.12332
7.43067 8.11313
////
7.57209 8.21313
7.56016 8.22332
7.54678 8.23152
7.53228 8.23753
7.51702 8.24119
7.50138 8.24242
7.48573 8.24119
7.47048 8.23753
7.45598 8.23152
7.44260 8.22332
7.43067 8.21313
////
7.57209 8.31313
7.56016 8.32332
7.54678 8.33152
7.53228 8.33753
7.51702 8.34119
7.50138 8.34242
7.48573 8.34119
7.47048 8.33753
7.45598 8.33152
7.44260 8.32332
7.43067 8.31313
////
7.57209 8.41313
7.56016 8.42332
7.54678 8.43152
7.53228 8.43753
7.51702 8.44119
7.50138 8.44242
7.48573 8.44119
7.47048 8.43753
7.45598 8.43152
7.44260 8.42332
7.43067 8.41313
////
7.57209 8.51313
7.56016 8.52332
7.54678 8.53152
7.53228 8.53753
7.51702 8.54119
7.50138 8.54242
7.48573 8.54119
7.47048 8.53753
7.45598 8.53152
7.44260 8.52332
7.43067 8.51313
////
7.57209 8.61313
7.56016 8.62332
7.54678 8.63152
7.53228 8.63753
7.51702 8.64119
7.50138 8.64242
7.48573 8.64119
7.47048 8.63753
7.45598 8.63152
7.44260 8.62332
7.43067 8.61313
////
7.57209 8.71313
7.56016 8.72332
7.54678 8.73152
7.53228 8.73753
7.51702 8.74119
7.50138 8.74242
7.48573 8.74119
7.47048 8.73753
7.45598 8.73152
7.44260 8.72332
7.43067 8.71313
////
7.57209 8.81313
7.56016 8.82332
7.54678 8.83152
7.53228 8.83753
7.51702 8.84119
7.50138 8.84242
7.48573 8.84119
7.47048 8.83753
7.45598 8.83152
7.44260 8.82332
7.43067 8.81313
////
7.57209 8.91313
7.56016 8.92332
7.54678 8.93152
7.53228 8.93753
7.51702 8.94119
7.50138 8.94242
7.48573 8.94119
7.47048 8.93753
7.45598 8.93152
7.44260 8.92332
7.43067 8.91313
////
7.57209 9.01313
7.56016 9.02332
7.54678 9.03152
7.53228 9.03753
7.51702 9.04119
7.50138 9.04242
7.48573 9.04119
7.47048 9.03753
7.45598 9.03152
7.44260 9.02332
7.43067 9.01313
////
7.57209 9.11313
7.56016 9.12332
7.54678 9.13152
7.53228 9.13753
7.51702 9.14119
7.50138 9.14242
7.48573 9.14119
7.47048 9.13753
7.45598 9.13152
7.44260 9.12332
7.43067 9.11313
////
7.57209 9.21313
7.56016 9.22332
7.54678 9.23152
7.53228 9.23753
7.51702 9.24119
7.50138 9.24242
7.48573 9.24119
7.47048 9.23753
7.45598 9.23152
7.44260 9.22332
7.43067 9.21313
////
7.57209 9.31313
7.56016 9.32332
7.54678 9.33152
7.53228 9.33753
7.51702 9.34119
7.50138 9.34242
7.48573 9.34119
7.47048 9.33753
7.45598 9.33152
7.44260 9.32332
7.43067 9.31313
////
7.57209 9.41313
7.56016 9.42332
7.54678 9.43152
7.53228 9.43753
7.51702 9.44119
7.50138 9.44242
7.48573 9.44119
7.47048 9.43753
7.45598 9.43152
7.44260 9.42332
7.43067 9.41313
////
7.57209 9.51313
7.56016 9.52332
7.54678 9.53152
7.53228 9.53753
7.51702 9.54119
7.50138 9.54242
7.48573 9.54119
7.47048 9.53753
7.45598 9.53152
7.44260 9.52332
7.43067 9.51313
////
7.57209 9.61313
7.56016 9.62332
7.54678 9.63152
7.53228 9.63753
7.51702 9.64119
7.50138 9.64242
7.48573 9.64119
7.47048 9.63753
7.45598 9.63152
7.44260 9.62332
7.43067 9.61313
////
7.57209 9.71313
7.56016 9.72332
7.54678 9.73152
7.53228 9.73753
7.51702 9.74119
7.50138 9.74242
7.48573 9.74119
7.47048 9.73753
7.45598 9.73152
7.44260 9.72332
7.43067 9.71313
////
7.57209 9.81313
7.56016 9.82332
7.54678 9.83152
7.53228 9.83753
7.51702 9.84119
7.50138 9.84242
7.48573 9.84119
7.47048 9.83753
7.45598 9.83152
7.44260 9.82332
7.43067 9.81313
////
7.57209 9.91313
7.56016 9.92332
7.54678 9.93152
7.53228 9.93753
7.51702 9.94119
7.50138 9.94242
7.48573 9.94119
7.47048 9.93753
7.45598 9.93152
7.44260 9.92332
7.43067 9.91313
